pMatrix_slice(15,2)
 3.941728392242e-01 3.941728426586e-01
 3.927325350343e-01 3.927325430831e-01
 3.943618804280e-01 3.943618806159e-01
 3.978435244276e-01 3.978435250618e-01
 4.004817438916e-01 4.004817439156e-01
 4.055108474961e-01 4.055108477550e-01
 4.081927036686e-01 4.081927041849e-01
 4.105467534396e-01 4.105467536348e-01
 4.113126469724e-01 4.113126469708e-01
 4.118616342759e-01 4.118616345448e-01
 4.091937050803e-01 4.091937049632e-01
 4.051473754579e-01 4.051473748061e-01
 3.980342710411e-01 3.980342710114e-01
 3.885343381571e-01 3.885343270840e-01
 3.769747234431e-01 3.769747204238e-01
